NumPoints = 156
-34.031639, 15.118747 	-30.809280, 20.681964 	-30.939661, 20.782921 	-34.995917, 21.025923 	-34.997145, 15.005302 	
-32.012520, -12.902295 	-34.995339, -14.459295 	-34.995110, -8.359743 	-33.744625, -8.422854 	-31.630567, -11.084941 	
-33.036430, 27.837893 	-32.776457, 28.071093 	-31.660475, 34.849599 	-34.981162, 34.800889 	-34.982311, 27.815993 	
-34.974457, 2.908594 	-34.975636, 8.174782 	-32.153952, 7.930010 	-31.385579, 2.988090 	
-32.427497, -2.723570 	-34.965087, -2.699393 	-34.971877, -7.961790 	-33.722543, -8.044623 	-31.290185, -4.311607 	
-33.029439, 27.470534 	-30.921678, 21.002602 	-34.963451, 21.422514 	-34.974744, 27.418378 	
-31.374984, 2.732729 	-31.184247, 2.565005 	-32.419239, -2.422902 	-34.954330, -2.307748 	-34.958114, 2.514667 	
-32.122882, 8.236610 	-29.403241, 11.207102 	-33.985321, 14.725422 	-34.950768, 14.611477 	-34.936307, 8.562879 	
-28.232414, -18.979439 	-27.809375, -17.304280 	-31.858152, -13.196131 	-34.832712, -14.768853 	-34.887240, -20.397117 	-28.648039, -19.381420 	
-28.475730, -34.994503 	-34.800135, -34.992654 	-34.865772, -31.864043 	-30.550250, -32.066431 	
-30.536459, -31.709848 	-34.854721, -31.578321 	-34.859588, -25.752456 	-28.322103, -26.779121 	-28.034535, -27.104221 	
-28.283998, -26.535444 	-34.822811, -25.517275 	-34.840834, -20.683403 	-28.600258, -19.676193 	
-31.370499, -10.879419 	-27.062917, -9.138019 	-26.578126, -7.968896 	-28.627211, -4.890344 	-31.053760, -4.465015 	-33.471848, -8.207290 	
-29.249810, 11.404383 	-28.885265, 11.463798 	-26.387398, 17.821208 	-29.728730, 20.487159 	-30.618715, 20.572792 	-33.787982, 14.979159 	
-30.766899, 34.806381 	-31.450991, 34.815690 	-32.530472, 28.031274 	-28.147603, 28.279219 	-26.850907, 31.280172 	
-32.784277, 27.549747 	-30.708969, 21.071330 	-30.581839, 20.966309 	-29.691439, 20.885105 	-26.353755, 25.526105 	-28.131652, 27.935339 	-32.518654, 27.776491 	
-30.945226, 2.507655 	-26.770268, 2.236552 	-24.999578, 0.478464 	-28.563022, -4.523928 	-30.989655, -4.099074 	-32.107953, -2.497590 	
-31.110410, 3.029601 	-30.921920, 2.859355 	-26.747696, 2.577183 	-25.189924, 8.968007 	-28.819832, 11.073565 	-29.183819, 11.010822 	-31.834076, 7.978265 	
-31.637173, -12.981248 	-31.254600, -11.164024 	-26.955932, -9.400736 	-24.704270, -14.632764 	-27.643863, -17.143335 	
-30.255577, -31.860027 	-28.212654, -34.810232 	-24.202059, -34.845165 	-23.109586, -31.890136 	-26.819119, -27.421535 	-27.814999, -27.221599 	
-30.618687, 34.974217 	-23.691336, 34.959688 	-24.713762, 31.935174 	-26.635150, 31.524495 	
-27.745765, -26.854754 	-26.745517, -27.031545 	-20.788741, -23.259690 	-20.912525, -22.995457 	-27.959936, -19.257070 	-28.369632, -19.665092 	-28.025642, -26.523009 	
-25.948584, 18.122179 	-22.511392, 21.584354 	-23.418946, 25.296986 	-26.097370, 25.338323 	-29.515092, 20.755944 	-26.163858, 18.102450 	
-26.555111, 31.152988 	-27.841048, 28.147409 	-26.088909, 25.719379 	-23.411289, 25.641781 	-21.956038, 27.072414 	-21.869488, 29.281382 	-24.635070, 31.569920 	
-22.509448, -0.149180 	-24.823268, 0.354502 	-28.324720, -4.691476 	-26.310743, -7.793110 	-21.776323, -6.602855 	
-25.917785, 17.735646 	-20.406681, 14.386445 	-20.426923, 13.692718 	-24.879196, 9.309506 	-25.007076, 9.285272 	-28.648712, 11.370481 	-26.133467, 17.721035 	
-21.175778, -7.234494 	-20.185402, -11.436775 	-22.591991, -14.488697 	-24.472279, -14.533755 	-26.692240, -9.288197 	-26.226565, -8.111329 	-21.696711, -6.903811 	
-27.863234, -19.074696 	-27.422965, -17.403983 	-24.464358, -14.915847 	-22.583819, -14.882945 	-20.202651, -17.615041 	-20.814526, -22.810637 	
-19.918385, 1.442974 	-20.291409, 6.167770 	-24.811599, 8.928458 	-24.940011, 8.907226 	-26.491225, 2.514808 	-24.738149, 0.739156 	-22.427846, 0.219584 	
-19.477657, -29.985801 	-20.472872, -23.574393 	-20.674204, -23.439388 	-26.608379, -27.246700 	-22.901535, -31.717532 	
-24.415557, 31.832848 	-21.670031, 29.520287 	-18.952447, 31.542709 	-19.637429, 34.855876 	-23.365569, 34.847904 	
-25.784443, 17.955338 	-20.269589, 14.612314 	-18.541302, 16.522241 	-18.488770, 20.349247 	-22.266665, 21.335601 	
-20.123700, 6.448332 	-16.448811, 9.365822 	-20.232491, 13.494734 	-24.695584, 9.122539 	
-22.176800, 21.668838 	-18.415214, 20.622006 	-17.074979, 21.921724 	-17.847166, 25.272375 	-21.690047, 26.802743 	-23.140537, 25.367284 	
-17.921403, -30.798250 	-19.318880, -30.300184 	-22.744796, -32.027880 	-23.878126, -34.967481 	-16.260709, -34.955450 	
-19.726048, 1.090518 	-14.500257, -4.269317 	-15.511400, -5.501203 	-20.962517, -6.896118 	-21.485585, -6.568822 	-22.262767, -0.120304 	-19.749704, 1.095669 	
-15.872339, -12.365481 	-19.899297, -11.666123 	-22.354457, -14.679109 	-19.920920, -17.364665 	-15.250218, -16.364577 	
-14.151677, 29.937095 	-13.941412, 29.429578 	-17.726333, 25.582398 	-21.591265, 27.056190 	-21.481370, 29.264120 	-18.743745, 31.259329 	
-20.893599, -7.165916 	-19.844877, -11.354018 	-15.818870, -12.058833 	-14.871423, -11.008723 	-15.441304, -5.775609 	
-20.455379, -23.109523 	-20.252715, -23.242521 	-14.729920, -22.869491 	-13.670963, -17.838494 	-15.192994, -16.627468 	-19.856799, -17.659241 	-20.571254, -22.841727 	
-19.652469, 1.454233 	-14.891350, 3.486833 	-14.234140, 7.177743 	-15.843521, 9.107751 	-16.289673, 9.168669 	-19.916850, 6.192070 	-19.676268, 1.458682 	
-13.646709, -28.358169 	-14.157285, -23.781877 	-14.708696, -23.200023 	-20.233843, -23.536420 	-19.193171, -29.940607 	-17.789773, -30.421737 	
-14.081166, 30.170995 	-18.638915, 31.607069 	-19.314533, 34.922157 	-12.786069, 34.944203 	
-16.233261, 9.563846 	-15.787884, 9.497497 	-11.920266, 14.204585 	-12.522640, 15.398573 	-18.249959, 16.253453 	-20.014734, 14.377191 	-20.027256, 13.683282 	
-18.144943, 20.343957 	-18.210168, 16.517146 	-12.485612, 15.643958 	-11.995998, 18.142470 	-14.368047, 21.442808 	-16.807735, 21.646788 	
-11.190150, 0.187948 	-11.219067, 0.545543 	-14.755835, 3.157982 	-19.566701, 1.246102 	-14.333224, -4.106228 	-14.311075, -4.099862 	
-16.783049, 21.985862 	-14.339543, 21.834330 	-11.937519, 24.398662 	-13.167571, 28.826007 	-13.787797, 29.281764 	-17.486494, 25.351617 	
-10.812708, -30.236220 	-12.651329, -34.826011 	-15.956686, -34.832344 	-17.656316, -30.690910 	-13.505747, -28.642480 	
-9.242672, -7.321727 	-8.580183, -11.011704 	-14.578472, -10.975312 	-15.201569, -5.748268 	-14.225652, -4.488293 	-14.203435, -4.482167 	
-10.901585, -16.934339 	-13.443180, -17.557847 	-14.941420, -16.317509 	-15.538973, -12.314669 	-14.578027, -11.276897 	-8.579872, -11.222812 	-8.531826, -11.276633 	-8.493617, -11.529546 	
-11.061748, 0.754665 	-8.586071, 4.147680 	-10.315267, 6.987273 	-13.942720, 7.127793 	-14.552179, 3.428698 	
-13.932557, 7.434799 	-15.583262, 9.329585 	-11.721634, 14.041589 	-7.480862, 12.219027 	-10.303752, 7.335102 	
-7.504262, 22.873298 	-6.856622, 21.838144 	-6.915372, 21.111241 	-11.755247, 18.314875 	-14.115881, 21.623387 	-11.696416, 24.171270 	
-10.811049, -17.314163 	-13.360624, -17.904195 	-14.431333, -22.932704 	-13.870204, -23.505193 	-7.270553, -23.278540 	-7.772582, -19.563452 	
-9.210214, -29.727223 	-10.634891, -29.939023 	-13.312472, -28.319447 	-13.861712, -23.747635 	-7.262377, -23.511975 	-6.562651, -24.252994 	-6.256614, -26.600693 	
-6.170982, -2.797222 	-10.925386, -0.006475 	-14.082320, -4.267842 	-9.090513, -7.052466 	-6.100114, -3.637663 	
-7.344797, 34.843176 	-5.670225, 30.267119 	-5.722545, 30.047446 	-6.539835, 29.360035 	-12.942514, 29.141441 	-13.575257, 29.579656 	-13.781674, 30.088750 	-12.457383, 34.853941 	
-6.531205, 29.099308 	-12.934325, 28.894046 	-11.591033, 24.499734 	-7.426240, 23.116482 	
-5.954709, -34.724689 	-5.980569, -34.946726 	-12.361907, -34.940016 	-10.576404, -30.329302 	-9.152226, -30.114174 	
-7.231948, 12.525655 	-7.355104, 12.507292 	-11.575706, 14.376088 	-12.165142, 15.576516 	-11.606213, 18.060440 	-6.799983, 20.914247 	-5.349486, 18.377618 	
-10.622414, -17.057091 	-8.267201, -11.629101 	-3.280529, -16.208389 	-7.565143, -19.280754 	
-8.310469, 4.313639 	-10.011352, 7.170280 	-7.294546, 12.114003 	-7.171571, 12.133539 	-6.712062, 11.904950 	-3.681526, 6.085408 	-5.218759, 4.303173 	
-6.032270, -2.560243 	-3.953934, 0.088778 	-5.218454, 3.960157 	-8.310140, 3.944186 	-10.820292, 0.576596 	-10.793505, 0.218834 	
-5.871881, -3.837178 	-1.104956, -7.251855 	-1.659716, -8.645527 	-8.236316, -11.016674 	-8.283573, -10.962159 	-8.856320, -7.257192 	
-2.335834, -31.719498 	-2.600528, -28.735307 	-6.021094, -26.821343 	-8.948642, -29.972281 	-5.729709, -34.567869 	
-6.282526, 29.062335 	-5.484027, 29.771487 	-0.085573, 25.536658 	-0.549800, 24.385419 	-6.548592, 22.024858 	-7.166724, 23.077899 	
-7.394788, -19.516397 	-6.970177, -23.241128 	-6.284283, -23.994968 	-0.668510, -21.245819 	-1.814977, -16.475886 	-3.134048, -16.411009 	
-8.119757, -11.467675 	-8.165063, -11.215938 	-1.576110, -8.879336 	0.136699, -14.340904 	-1.792266, -16.126725 	-3.108627, -16.020184 	
-7.024998, 34.958641 	-0.960386, 34.939130 	-0.680278, 32.930386 	-5.389980, 30.368304 	
-7.017867, 12.455197 	-5.056849, 18.281305 	-1.336351, 17.654779 	0.342151, 13.031970 	-6.551345, 12.241284 	
0.969240, 6.761333 	-3.446293, 6.209133 	-6.524372, 12.003668 	0.370955, 12.778231 	0.408256, 12.756387 	
-5.008775, 18.577615 	-6.516545, 21.080625 	-6.463658, 21.807978 	-0.457170, 24.148886 	0.740250, 20.364021 	-1.281035, 17.995728 	
-5.776430, -2.763417 	-3.666983, -0.139103 	1.275013, -0.561625 	0.141805, -6.378106 	-0.961755, -7.053499 	-5.703299, -3.603664 	
2.526414, -34.996136 	-5.587856, -34.995054 	-5.559109, -34.773373 	-2.134833, -31.961622 	2.507031, -34.850793 	
-5.872491, -26.550225 	-6.183283, -24.203150 	-0.548152, -21.493902 	1.553254, -22.820454 	2.613821, -26.116924 	-2.418953, -28.404032 	
-4.930899, 4.055337 	-3.396879, 5.840338 	1.008274, 6.470002 	2.000010, 5.716128 	1.493166, -0.150363 	1.299002, -0.304344 	-3.635921, 0.194039 	
1.982515, 26.893253 	0.064167, 25.727874 	-5.341406, 29.953612 	-5.285763, 30.172468 	-0.529829, 32.647676 	1.269430, 31.622858 	
2.624677, -34.666036 	4.277886, -31.175924 	3.001514, -26.531360 	2.721287, -26.349249 	-2.280327, -28.703721 	-1.956853, -31.682114 	
3.024985, 13.949096 	5.481208, 18.991133 	0.996113, 20.146749 	-1.013317, 17.768391 	0.571471, 13.112623 	0.608311, 13.090009 	
1.454813, 31.948504 	-0.344912, 32.972505 	-0.570226, 34.988130 	4.330327, 34.987753 	4.277751, 33.494341 	
6.564245, -18.049586 	1.747811, -22.516355 	-0.337347, -21.164408 	-1.533132, -16.406598 	0.395627, -14.620554 	2.406620, -14.654350 	
5.421174, -10.264608 	2.409481, -14.254608 	0.398210, -14.259619 	-1.286878, -8.789435 	-0.761416, -7.384455 	0.348673, -6.719848 	4.280624, -7.731858 	
7.264000, 19.923096 	5.549881, 19.249158 	1.083719, 20.475910 	-0.177963, 24.239841 	0.262848, 25.400247 	2.183009, 26.562638 	3.778401, 26.355393 	7.504640, 21.938404 	
4.369148, -7.374956 	0.420024, -6.432186 	1.548199, -0.614726 	1.740500, -0.458424 	6.509916, -1.652084 	7.849292, -3.605958 	
2.237205, 6.025654 	4.513417, 6.380495 	8.503924, 10.938920 	3.153271, 13.570258 	0.711851, 12.784247 	1.251365, 6.787223 	
2.226691, 26.927639 	1.605878, 31.670237 	4.439996, 33.195479 	8.387807, 30.541840 	3.825933, 26.752557 	
2.284544, 5.692325 	1.809622, -0.176837 	6.589640, -1.327305 	8.390348, 3.019585 	4.569547, 5.985268 	
6.725309, -18.222716 	1.922813, -22.704468 	2.936097, -26.015777 	3.217780, -26.195627 	8.882794, -24.908710 	9.289180, -23.737484 	7.122017, -18.241487 	
5.668325, -10.453474 	2.609466, -14.407431 	6.747188, -17.826894 	7.143549, -17.851961 	7.616320, -17.515563 	9.874665, -11.506347 	
3.280498, 13.825791 	5.699347, 18.885863 	7.391451, 19.613313 	8.554141, 18.588614 	9.453646, 11.346464 	8.605058, 11.142046 	
8.709614, 30.744717 	8.519114, 30.732372 	4.633948, 33.476911 	4.727427, 34.968322 	10.468454, 34.976883 	
4.622351, -31.078431 	3.275305, -26.453869 	8.950930, -25.214584 	10.576421, -27.863311 	9.880422, -31.023756 	
11.227565, -33.559106 	9.883102, -31.295699 	4.624975, -31.344672 	2.901215, -34.800484 	2.918959, -34.946036 	11.034675, -34.937112 	
10.344859, 24.535150 	7.704508, 22.106131 	4.001187, 26.542354 	8.549172, 30.348296 	8.739273, 30.365736 	9.705792, 29.496820 	
9.791883, -4.280922 	8.039469, -3.779641 	4.600785, -7.586503 	5.756815, -10.112224 	9.944750, -11.236075 	10.640169, -10.918618 	11.151288, -10.022710 	
4.728556, 6.192909 	8.587724, 3.277326 	10.942227, 3.804236 	12.128190, 5.798505 	9.698011, 10.944204 	9.543484, 10.995384 	8.701010, 10.767076 	
14.290437, -1.800046 	11.021882, 3.459365 	8.674796, 2.900347 	6.837560, -1.431231 	8.146208, -3.405818 	9.899102, -3.905421 	
7.349180, -18.150732 	9.565620, -23.627042 	13.427018, -22.007727 	13.823521, -18.149152 	7.832234, -17.829275 	
10.113336, -11.596302 	7.843559, -17.601210 	13.837062, -17.876439 	14.903872, -16.953167 	15.049331, -15.821044 	10.802613, -11.265721 	
14.976800, 18.161387 	15.168791, 17.568370 	12.943817, 12.536416 	9.821427, 11.322846 	9.666421, 11.372557 	8.789370, 18.617460 	
14.074539, 23.883938 	16.092682, 20.960586 	14.996584, 18.429428 	8.809245, 18.886729 	7.617154, 19.877070 	7.901078, 21.886737 	10.604391, 24.245483 	
14.108966, 24.215787 	16.279453, 29.332024 	9.956047, 29.530167 	10.638501, 24.574278 	
17.102981, 30.234641 	17.062790, 30.034757 	16.287273, 29.561680 	9.965036, 29.794137 	8.972596, 30.633325 	10.788728, 34.841224 	15.498401, 34.857359 	
15.333405, -27.200552 	15.838070, -24.075704 	13.554963, -22.320460 	9.665854, -23.872040 	9.238183, -25.035662 	10.898726, -27.662556 	
15.120499, -2.169139 	16.997134, -8.251252 	11.415341, -9.960079 	10.051226, -4.219409 	14.425148, -2.078092 	
11.532200, -33.381017 	10.219451, -31.099070 	10.927034, -27.941198 	15.364022, -27.501933 	16.762346, -29.158980 	16.049270, -31.686918 	
12.419923, 5.938657 	17.865723, 6.405881 	18.004830, 9.767116 	13.082414, 12.161635 	9.921709, 11.051672 	
15.173660, -1.785089 	16.625441, -0.871373 	18.234438, 5.692084 	17.889470, 6.149976 	12.450690, 5.607116 	11.268355, 3.610694 	14.479722, -1.683828 	
11.496176, -10.223667 	10.968781, -11.110091 	15.236505, -15.645740 	18.038119, -13.059673 	17.679762, -8.857283 	17.076306, -8.509413 	
11.424357, -34.991688 	18.531395, -34.990005 	16.159847, -31.988739 	11.617451, -33.613711 	
18.620805, -19.441219 	15.146176, -17.226325 	14.102240, -18.175384 	13.771847, -22.040182 	16.043860, -23.809761 	18.636706, -22.686437 	
20.237183, 12.536312 	18.110946, 9.982854 	13.209659, 12.420331 	15.388166, 17.472575 	20.076946, 14.229570 	
19.645056, 22.204235 	16.341862, 21.128352 	14.392440, 24.097972 	16.487703, 29.245472 	17.246500, 29.744928 	19.913204, 27.195873 	
21.446864, -24.457567 	20.744023, -28.352581 	17.042504, -28.924878 	15.660302, -27.254360 	16.183856, -24.132622 	18.775998, -23.007674 	
18.809858, -19.136743 	15.283732, -17.004786 	15.445655, -15.874900 	18.276228, -13.320563 	23.481837, -15.438563 	22.717038, -17.242599 	
15.363103, -2.093455 	16.834350, -1.211424 	21.216079, -2.011604 	23.047627, -6.343644 	22.554505, -7.226419 	17.877965, -8.516932 	17.277598, -8.163757 	
16.416110, -31.787543 	17.092628, -29.249577 	20.794417, -28.679034 	23.020072, -30.840078 	21.155209, -34.825553 	18.768840, -34.803584 	
21.604802, 21.002398 	22.384886, 17.089726 	20.237339, 14.462062 	15.540830, 17.693864 	15.334399, 18.282010 	16.444732, 20.806955 	19.758741, 21.849049 	
22.680621, 33.581743 	17.379710, 30.328641 	15.836658, 34.972260 	22.564282, 34.965693 	
23.966135, 1.370304 	21.277532, -1.657647 	16.882508, -0.934042 	18.474647, 5.633525 	21.795216, 4.723024 	
22.640212, -7.536576 	25.282247, -13.362426 	24.856473, -14.405974 	23.570169, -15.226325 	18.398987, -13.025606 	17.964586, -8.830395 	
24.459551, -22.913680 	21.606165, -24.168326 	18.953136, -22.686047 	18.961026, -19.440800 	22.829634, -17.469075 	24.491920, -22.837322 	
22.831287, 33.332327 	17.485259, 30.153912 	17.441200, 29.954846 	20.183354, 27.487138 	25.060957, 27.769811 	25.457643, 31.229042 	
26.205757, 8.991298 	25.391515, 10.485449 	20.515138, 12.305262 	18.393246, 9.748192 	18.204952, 6.389354 	18.553050, 5.933837 	21.894929, 5.104960 	
21.766228, 21.358366 	25.262541, 22.907639 	25.925231, 26.353717 	25.077777, 27.495842 	20.202227, 27.179736 	19.913027, 22.189272 	
27.047062, -26.985275 	24.596541, -23.219344 	21.761188, -24.514227 	21.059745, -28.409493 	23.255576, -30.600835 	24.140573, -30.467255 	
20.612954, 12.569525 	25.498998, 10.775832 	27.244641, 15.025367 	26.467234, 16.413852 	22.676809, 16.845903 	20.473709, 14.264638 	
25.331895, 1.027585 	28.986989, -4.166975 	28.745386, -4.557448 	23.301639, -6.238341 	21.530975, -1.881062 	24.197737, 1.166143 	
21.896965, 21.062014 	22.712193, 17.156513 	26.502676, 16.724968 	27.931537, 20.205405 	25.398340, 22.599813 	
24.195354, -30.861457 	23.307468, -30.974249 	21.449570, -34.962976 	28.945620, -34.965938 	29.004706, -34.132307 	
25.377826, 1.424485 	28.829383, 4.087442 	26.805692, 8.603819 	26.367176, 8.813170 	22.076356, 4.904752 	24.241999, 1.548620 	
22.961275, 34.995873 	28.374405, 34.994868 	28.154207, 32.770760 	25.666739, 31.488235 	23.055486, 33.610241 	
24.744225, -22.759224 	30.099947, -20.239044 	30.401758, -19.587273 	30.335511, -19.285353 	25.062984, -14.725198 	23.787424, -15.562158 	23.083050, -17.390633 	
30.335183, -10.779182 	25.518492, -13.255846 	22.899277, -7.419701 	23.395092, -6.538436 	28.830694, -4.831388 	
29.968829, -27.438156 	31.424828, -31.258410 	29.139368, -33.935359 	24.346366, -30.640598 	27.283789, -27.184675 	
30.003490, -27.100719 	31.410401, -25.229712 	30.206462, -20.464871 	24.855330, -22.994781 	24.821756, -23.070617 	27.322988, -26.803060 	
25.819791, 31.185965 	25.393947, 27.730202 	26.240295, 26.587258 	30.758379, 26.669103 	31.619125, 27.634754 	31.423798, 30.991577 	28.325813, 32.431846 	
25.624744, 22.840322 	28.167700, 20.456281 	30.923436, 20.846322 	31.763127, 22.054017 	30.763055, 26.341560 	26.244477, 26.294384 	
31.878400, 0.136863 	30.586773, 3.447305 	29.020235, 3.839296 	25.560630, 1.186802 	29.162791, -4.044604 	29.504813, -3.870411 	
31.604878, 10.427823 	26.973369, 8.963500 	26.531083, 9.164763 	25.744180, 10.673491 	27.537768, 14.903013 	31.164247, 14.381263 	
30.973949, 20.499859 	28.221562, 20.086841 	26.803039, 16.602177 	27.582394, 15.214784 	31.209621, 14.698265 	32.998200, 16.341850 	
30.986597, -11.262751 	30.484587, -11.072200 	25.651117, -13.515955 	25.210740, -14.553425 	30.507818, -19.085038 	32.835371, -14.893248 	
30.680943, 3.822188 	29.115125, 4.217044 	27.050343, 8.714784 	31.699325, 10.122649 	34.807429, 8.333680 	34.800610, 6.837031 	
28.466418, 32.734084 	31.563678, 31.292258 	34.802811, 33.703889 	34.802817, 34.966553 	28.767641, 34.948674 	
34.854968, -5.391477 	34.855782, -9.284381 	31.125147, -10.889174 	30.620287, -10.706305 	29.086015, -4.766123 	29.324139, -4.373519 	29.671235, -4.209668 	
29.401305, -34.160324 	29.342608, -34.993982 	34.800555, -34.985116 	34.910704, -31.679103 	31.702464, -31.496859 	
34.911100, -25.121799 	34.902545, -20.455008 	30.743625, -19.740278 	30.458655, -20.399586 	31.717965, -25.150092 	
30.288087, -27.317557 	31.718573, -25.464511 	34.911794, -25.480453 	34.930608, -31.312569 	31.721498, -31.146344 	
34.916710, -0.180328 	32.190980, -0.053669 	29.716733, -3.999585 	34.924942, -5.068379 	
34.924824, 22.439735 	34.922110, 26.965516 	31.912980, 27.372128 	31.049698, 26.408744 	32.058972, 22.123358 	
33.234600, 16.088938 	31.474184, 14.415224 	31.900105, 10.460171 	34.955550, 8.582680 	34.942308, 15.962937 	
34.930472, 0.189029 	34.956945, 6.626111 	30.874285, 3.561340 	32.202875, 0.265559 	
33.126939, -15.058807 	30.719780, -19.205395 	30.779463, -19.508681 	34.959891, -20.084422 	34.958552, -15.262904 	
34.961285, 22.058184 	34.970124, 16.352192 	33.261853, 16.470298 	31.235211, 20.627143 	32.087382, 21.826065 	
34.967161, 27.347011 	34.978511, 33.471630 	31.776638, 31.010745 	31.946091, 27.652515 	
34.996549, -9.622919 	34.996012, -14.867286 	33.158642, -14.723980 	31.227938, -11.136382 	
