NumPoints = 156
0.361666 0.955549
0.289931 0.855007
0.439487 0.865512
0.261635 0.983019
0.452311 0.988277
0.364276 0.876694
0.48602 0.924934
0.238084 0.904896
0.561214 0.935523
0.547762 0.823121
0.46646 0.796636
0.610813 0.876033
0.601574 0.994087
0.37777 0.744575
0.283338 0.764448
0.527025 0.745206
0.672824 0.806822
0.592896 0.713418
0.453946 0.719504
0.683494 0.959388
0.748082 0.857491
0.333155 0.642308
0.463125 0.638643
0.399254 0.605049
0.272427 0.692141
0.123857 0.991667
0.141627 0.909186
0.191197 0.96856
0.732965 0.693475
0.779151 0.760422
0.666597 0.722456
0.255915 0.576472
0.192538 0.765845
0.209335 0.634179
0.149564 0.695042
0.330552 0.563679
0.139638 0.819615
0.211963 0.837877
0.0895692 0.590943
0.0666282 0.727759
0.0132899 0.659177
0.171569 0.571
0.816534 0.931293
0.821316 0.853402
0.779801 0.992102
0.680974 0.885382
0.855465 0.775994
0.341664 0.806216
0.560097 0.647542
0.624014 0.591811
0.701198 0.628891
0.790865 0.5213
0.817475 0.623226
0.709338 0.541175
0.644854 0.501583
0.476542 0.538507
0.576773 0.530122
0.0793722 0.863755
0.00689797 0.840338
0.847215 0.703573
0.399336 0.512952
0.775592 0.43333
0.690746 0.406861
0.527452 0.997714
0.714697 0.328762
0.612509 0.388304
0.663024 0.280366
0.55488 0.440935
0.802205 0.337023
0.591509 0.30732
0.911205 0.920032
0.912398 0.836474
0.871195 0.99905
0.943987 0.990499
0.65946 0.208591
0.772437 0.265498
0.732816 0.201687
0.0759551 0.937423
0.423358 0.394405
0.532856 0.352141
0.469001 0.457628
0.142521 0.439731
0.0823522 0.482035
0.230332 0.45001
0.285736 0.504106
0.686678 0.142063
0.584394 0.178601
0.532017 0.234902
0.882647 0.373314
0.875421 0.223846
0.927806 0.284746
0.853854 0.465774
0.804118 0.201775
0.764203 0.129302
0.361565 0.448423
0.321417 0.377377
0.250939 0.369339
0.842961 0.115105
0.693939 0.0705891
0.604004 0.0905677
0.985522 0.853613
0.925383 0.747411
0.992544 0.780131
0.00483119 0.948936
0.000770658 0.765488
0.937624 0.602332
0.985602 0.682986
0.915055 0.675256
0.865892 0.569797
0.604715 0.0184288
0.51067 0.0641516
0.473787 0.143887
0.447912 0.325738
0.398067 0.271166
0.321524 0.304822
0.993896 0.924524
0.348911 0.12748
0.425477 0.0557479
0.440541 0.212414
0.346347 0.200682
0.913803 0.507503
0.968823 0.395342
0.983865 0.464797
0.297305 0.0412276
0.470661 0.0013195
0.365885 0.0142136
0.00508379 0.578198
0.166566 0.348834
0.00833667 0.499794
0.986531 0.536349
0.222544 0.010955
0.259667 0.117141
0.175656 0.103795
0.135155 0.167337
0.253034 0.220437
0.113418 0.0521608
0.056145 0.163534
0.169005 0.231176
0.0444917 0.0890135
0.0661452 0.389519
0.0951287 0.318346
0.0397757 0.26452
0.237455 0.292008
0.00637304 0.428303
0.00110821 0.338123
0.981162 0.176521
0.992247 0.248155
0.90682 0.157276
0.999254 0.322157
0.776774 0.0478672
0.718908 0.00243574
0.981309 0.100522
0.897748 0.068957
0.0411075 0.00151087
0.857545 0.0101592
0.975948 0.00179487